name ellipsoid active True additive True position  0.0 0.0 0.0 extents  20.0 20.0 40.0 orientation  1.0 0.0 0.0 0.0 1.0 0.0 0.0 0.0 1.0 priority  0 tags_begin  tags_end # 
name rectangle active True additive True position  3.85231179634 17.1273067798 -30.0 extents  50.0 3.0 15.0 orientation  0.633319203086 0.773890681558 0.0 -0.773890681558 0.633319203086 0.0 0.0 0.0 1.0 priority  0 tags_begin  tags_end # 
name cylinder active True additive True position  0.0 45.0 35.0 extents  7.0 40.0 7.0 orientation  1.0 0.0 0.0 0.0 -1.0 1.22464679915e-16 0.0 -1.22464679915e-16 -1.0 priority  0 tags_begin  tags_end # 
name rectangle active True additive True position  -3.85231179634 17.1273067798 -30.0 extents  50.0 3.0 15.0 orientation  -0.633319203086 -0.773890681558 0.0 -0.773890681558 0.633319203086 0.0 0.0 0.0 1.0 priority  0 tags_begin  tags_end # 
name rectangle active True additive False position  32.5002807749 -21.7216558519 -58.0403978406 extents  50.0 3.0 15.0 orientation  -0.271419076486 -0.948340873611 -0.164259770967 0.962360474436 -0.26987888202 -0.0320578583693 -0.0139284659373 -0.166778225431 0.985896049976 priority  0 tags_begin  tags_end # 
name cylinder active True additive True position  -87.063643326 59.8587629087 54.8587629087 extents  4.0 20.0 4.0 orientation  -0.903692205092 -0.428182669496 0.0 -0.428182669496 0.903692205092 -1.22464679915e-16 5.24372535649e-17 -1.10670376638e-16 -1.0 priority  0 tags_begin  tags_end # 
name ellipsoid active True additive True position  0.0 68.0 -33.0 extents  9.0 20.0 9.0 orientation  1.0 0.0 0.0 0.0 -1.83697019872e-16 -1.0 0.0 1.0 -1.83697019872e-16 priority  0 tags_begin  tags_end # 
name rectangle active True additive False position  -32.5002807749 -21.7216558519 -58.0403978406 extents  50.0 3.0 15.0 orientation  0.271419076486 0.948340873611 0.164259770967 0.962360474436 -0.26987888202 -0.0320578583693 -0.0139284659373 -0.166778225431 0.985896049976 priority  0 tags_begin  tags_end # 
name cylinder active True additive True position  87.063643326 59.8587629087 54.8587629087 extents  4.0 20.0 4.0 orientation  0.903692205092 0.428182669496 0.0 -0.428182669496 0.903692205092 -1.22464679915e-16 5.24372535649e-17 -1.10670376638e-16 -1.0 priority  0 tags_begin  tags_end # 
name rectangle active True additive False position  39.039869443 -5.60525713816 -128.005884326 extents  50.0 3.0 15.0 orientation  -0.143131375259 0.978221311315 -0.150321241033 -0.95279409646 -0.0951025854008 0.28833818339 0.267762617196 0.184495431757 0.945655654291 priority  0 tags_begin  tags_end # 
name cylinder active True additive True position  59.2958241879 -96.3618218888 -82.6696921194 extents  4.0 20.0 4.0 orientation  0.605058632288 0.782268834422 -0.148187456236 0.706603608228 -0.613371220076 -0.352827276753 -0.36689970337 0.108771398235 -0.923879532511 priority  0 tags_begin  tags_end # 
name rectangle active True additive False position  -39.039869443 -5.60525713816 -128.005884326 extents  50.0 3.0 15.0 orientation  0.143131375259 -0.978221311315 0.150321241033 -0.95279409646 -0.0951025854008 0.28833818339 0.267762617196 0.184495431757 0.945655654291 priority  0 tags_begin  tags_end # 
name cylinder active True additive True position  -59.2958241879 -96.3618218888 -82.6696921194 extents  4.0 20.0 4.0 orientation  -0.605058632288 -0.782268834422 0.148187456236 0.706603608228 -0.613371220076 -0.352827276753 -0.36689970337 0.108771398235 -0.923879532511 priority  0 tags_begin  tags_end # 
name rectangle active True additive False position  52.2515758937 -78.2835642069 -163.959248176 extents  50.0 3.0 15.0 orientation  0.419585518731 -0.806499453896 -0.416541262465 0.897478955835 0.299871438387 0.323432596182 -0.13593938467 -0.509544650943 0.849638000793 priority  0 tags_begin  tags_end # 
name wing active True additive False position  56.4651312402 -87.2722958411 -175.204187257 extents  50.0 3.0 15.0 orientation  0.4593312627 -0.713636294675 -0.528902665931 0.802846232099 0.0787686783359 0.590959747291 -0.380069360395 -0.696073799418 0.60912112675 priority  0 tags_begin  tags_end # 
name winggun active True additive True position  19.882844546 -74.7586211233 -106.33790341 extents  4.0 20.0 4.0 orientation  -0.20707044775 0.937131232403 -0.280903689765 -0.562341873552 -0.348966467221 -0.749662605447 -0.800558209576 0.00273093581872 0.599248775611 priority  0 tags_begin  tags_end # 
name cylinder active True additive True position  34.3191966595 78.8138046473 -18.7441536444 extents  4.0 20.0 4.0 orientation  -0.240103302502 -0.920136292393 -0.309353531657 -0.887799107808 0.337032646825 -0.313403476607 0.392636152567 0.199394579653 -0.897818831002 priority  0 tags_begin  tags_end # 
name rectangle active True additive False position  -52.2515758937 -78.2835642069 -163.959248176 extents  50.0 3.0 15.0 orientation  -0.419585518731 0.806499453896 0.416541262465 0.897478955835 0.299871438387 0.323432596182 -0.13593938467 -0.509544650943 0.849638000793 priority  0 tags_begin  tags_end # 
name wing active True additive False position  -56.4651312402 -87.2722958411 -175.204187257 extents  50.0 3.0 15.0 orientation  -0.4593312627 0.713636294675 0.528902665931 0.802846232099 0.0787686783359 0.590959747291 -0.380069360395 -0.696073799418 0.60912112675 priority  0 tags_begin  tags_end # 
name winggun active True additive True position  -19.882844546 -74.7586211233 -106.33790341 extents  4.0 20.0 4.0 orientation  0.20707044775 -0.937131232403 0.280903689765 -0.562341873552 -0.348966467221 -0.749662605447 -0.800558209576 0.00273093581872 0.599248775611 priority  0 tags_begin  tags_end # 
name cylinder active True additive True position  -34.3191966595 78.8138046473 -18.7441536444 extents  4.0 20.0 4.0 orientation  0.240103302502 0.920136292393 0.309353531657 -0.887799107808 0.337032646825 -0.313403476607 0.392636152567 0.199394579653 -0.897818831002 priority  0 tags_begin  tags_end # 

