name cylinder active True additive True position  50.0 50.0 50.0 extents  10.0 10.0 10.0 orientation  6.12323399574e-17 1.0 0.0 -1.0 6.12323399574e-17 0.0 0.0 0.0 1.0 priority  0 tags_begin  tags_end # 
name ellipsoid active True additive True position  40.0 60.0 50.0 extents  20.0 10.0 10.0 orientation  6.12323399574e-17 1.0 0.0 -1.0 6.12323399574e-17 0.0 0.0 0.0 1.0 priority  0 tags_begin  tags_end # 
name cylinder active True additive False position  60.0 60.0 50.0 extents  10.0 30.0 10.0 orientation  6.12323399574e-17 1.0 0.0 -1.0 6.12323399574e-17 0.0 0.0 0.0 1.0 priority  0 tags_begin  tags_end # 
name cylinder active True additive True position  50.0 56.9098300563 40.489434837 extents  10.0 10.0 10.0 orientation  6.12323399574e-17 1.0 0.0 -0.309016994375 1.89218336522e-17 -0.951056516295 -0.951056516295 5.82354159245e-17 0.309016994375 priority  0 tags_begin  tags_end # 
name cylinder active True additive True position  50.0 68.0901699437 44.1221474771 extents  10.0 10.0 10.0 orientation  6.12323399574e-17 1.0 0.0 0.809016994375 -4.95380036309e-17 -0.587785252292 -0.587785252292 3.59914663903e-17 -0.809016994375 priority  0 tags_begin  tags_end # 
name cylinder active True additive True position  50.0 68.0901699437 55.8778525229 extents  10.0 10.0 10.0 orientation  6.12323399574e-17 1.0 0.0 0.809016994375 -4.95380036309e-17 0.587785252292 0.587785252292 -3.59914663903e-17 -0.809016994375 priority  0 tags_begin  tags_end # 
name cylinder active True additive True position  50.0 56.9098300563 59.510565163 extents  10.0 10.0 10.0 orientation  6.12323399574e-17 1.0 0.0 -0.309016994375 1.89218336522e-17 0.951056516295 0.951056516295 -5.82354159245e-17 0.309016994375 priority  0 tags_begin  tags_end # 

